2016-02-26 11:59:00.605814: ------------------------------------------------------------------
2016-02-26 11:59:00.605830:Network Parameters
2016-02-26 11:59:00.605842: ------------------------------------------------------------------

2016-02-26 11:59:00.611442: ------------------------------------------------------------------
2016-02-26 11:59:00.611457:Network Topology
2016-02-26 11:59:00.611469: ------------------------------------------------------------------

('2016-02-26 11:59:00.615261: - ', "('Load images strategy: ', 1)")
2016-02-26 11:59:00.617223: ------------------------------------------------------------------
2016-02-26 11:59:00.617235:Channels Topology
2016-02-26 11:59:00.617245: ------------------------------------------------------------------

('2016-02-26 11:59:00.620874: - ', "('Channel: ', 0)")
('2016-02-26 11:59:00.623100: - ', "('Connect to hidden layer: ', True)")
('2016-02-26 11:59:00.625274: - ', "('Input Modality: ', 'Image')")
('2016-02-26 11:59:00.627451: - ', "('---Input images: ', 1)")
('2016-02-26 11:59:00.629642: - ', "('---Image size: ', (100, 100))")
('2016-02-26 11:59:00.633685: - ', "('---Image structure: ', 'Static')")
('2016-02-26 11:59:00.635833: - ', "('---Feature type: ', ('grayScale', 1))")
('2016-02-26 11:59:00.637954: - ', '---Data directory ')
('2016-02-26 11:59:00.640240: - ', "('------ Folder Training: ', 'convNetFullNormalizedDemo/training')")
('2016-02-26 11:59:00.642396: - ', "('------ Percent Validation: ', 'convNetFullNormalizedDemo/validation')")
('2016-02-26 11:59:00.644561: - ', "('------ Percent Testing: ', 'convNetFullNormalizedDemo/testing')")
('2016-02-26 11:59:00.646742: - ', "('---Data augmentation: ', False)")
('2016-02-26 11:59:00.649625: - ', "('---Image Position: ', 1)")
('2016-02-26 11:59:00.651806: - ', "(' --- Layer: ', 0)")
('2016-02-26 11:59:00.653932: - ', "(' ------ Filters: ', 5)")
('2016-02-26 11:59:00.656078: - ', "(' ------ Filter dimension: ', (5, 5))")
('2016-02-26 11:59:00.658224: - ', "(' ------ Max-Pooling: ', True, '(', (2, 2), ')')")
('2016-02-26 11:59:00.660425: - ', "(' ------ Shunting inhibition: ', False)")
('2016-02-26 11:59:00.662692: - ', "(' ------ Layer type: ', 'common')")
('2016-02-26 11:59:00.665721: - ', "(' ------ Activation Function: ', 'ReLU')")
('2016-02-26 11:59:00.667781: - ', "(' ------ L1 Regularization: ', False)")
('2016-02-26 11:59:00.669828: - ', "(' ------ L2 Regularization:  ', False)")
('2016-02-26 11:59:00.672066: - ', "(' ------ Trainable: ', True)")
('2016-02-26 11:59:00.674326: - ', "(' --- Layer: ', 1)")
('2016-02-26 11:59:00.676515: - ', "(' ------ Filters: ', 10)")
('2016-02-26 11:59:00.679356: - ', "(' ------ Filter dimension: ', (5, 5))")
('2016-02-26 11:59:00.682265: - ', "(' ------ Max-Pooling: ', True, '(', (2, 2), ')')")
('2016-02-26 11:59:00.684991: - ', "(' ------ Shunting inhibition: ', False)")
('2016-02-26 11:59:00.687115: - ', "(' ------ Layer type: ', 'common')")
('2016-02-26 11:59:00.689991: - ', "(' ------ Activation Function: ', 'ReLU')")
('2016-02-26 11:59:00.692174: - ', "(' ------ L1 Regularization: ', False)")
('2016-02-26 11:59:00.694346: - ', "(' ------ L2 Regularization:  ', False)")
('2016-02-26 11:59:00.702179: - ', "(' ------ Trainable: ', True)")
2016-02-26 11:59:00.703617: ------------------------------------------------------------------
2016-02-26 11:59:00.703628:Hidden Layers Topology
2016-02-26 11:59:00.703636: ------------------------------------------------------------------

('2016-02-26 11:59:00.707344: - ', "('Hidden layer Type: ', 'Common')")
('2016-02-26 11:59:00.709548: - ', "('HiddenLayer: ', 0)")
('2016-02-26 11:59:00.711777: - ', "(' --- Hidden units: ', 1000)")
('2016-02-26 11:59:00.713953: - ', "(' --- Activation Function: ', 'ReLU')")
('2016-02-26 11:59:00.716147: - ', "(' --- Dropout: ', True)")
('2016-02-26 11:59:00.718449: - ', "(' --- L1 Regularization: ', False)")
('2016-02-26 11:59:00.721351: - ', "(' --- L2 Regularization: ', False)")
('2016-02-26 11:59:00.743521: - ', "(' --- Trainable: ', True)")
2016-02-26 11:59:00.744933: ------------------------------------------------------------------
2016-02-26 11:59:00.744943:Output Layer
2016-02-26 11:59:00.744951: ------------------------------------------------------------------

('2016-02-26 11:59:00.748876: - ', "('Output units: ', 5)")
('2016-02-26 11:59:00.751748: - ', "('L1 Regularization: ', True)")
('2016-02-26 11:59:00.753958: - ', "('L2 Regularization: ', False)")
2016-02-26 11:59:00.755301: ------------------------------------------------------------------
2016-02-26 11:59:00.755314:Training Parameters
2016-02-26 11:59:00.755323: ------------------------------------------------------------------

('2016-02-26 11:59:00.759115: - ', "('  Train the network: ', False)")
('2016-02-26 11:59:00.761227: - ', "('  Use Momentum: ', True)")
('2016-02-26 11:59:00.763398: - ', "('  Maximum training epoches: ', 1)")
('2016-02-26 11:59:00.766151: - ', "('  Batchsize: ', 20)")
('2016-02-26 11:59:00.768939: - ', "('  Initial Learning rate: ', 0.1)")
('2016-02-26 11:59:00.771138: - ', "('  Momentum: ', 0.99)")
2016-02-26 11:59:00.772516: ------------------------------------------------------------------
2016-02-26 11:59:00.772527:Experiment Parameters
2016-02-26 11:59:00.772535: ------------------------------------------------------------------

('2016-02-26 11:59:00.775634: - ', "('  Experiment name: ', 'convNetEnsemble1ReLUGray')")
('2016-02-26 11:59:00.777805: - ', "('  Base directory: ', '/informatik2/students/home/4chennur/PHRI1516_code/ros_workspace/src/object_recognition/Scripts/convNet/experiments/1ReLUGray')")
('2016-02-26 11:59:00.780048: - ', "('  Image directory: ', '-')")
('2016-02-26 11:59:00.782804: - ', "('  Repetitions: ', 1)")
('2016-02-26 11:59:00.784990: - ', "('  Generate Metrics: ', False)")
('2016-02-26 11:59:00.788107: - ', "('  Generate Synchronized Metrics: ', False)")
2016-02-26 11:59:00.789473: ------------------------------------------------------------------
2016-02-26 11:59:00.789483:Saving Network Parameters
2016-02-26 11:59:00.789490: ------------------------------------------------------------------

('2016-02-26 11:59:00.792389: - ', "('  Saving network: ', False)")
2016-02-26 11:59:00.793791: ------------------------------------------------------------------
2016-02-26 11:59:00.793805:Generating the Model
2016-02-26 11:59:00.793815: ------------------------------------------------------------------

('2016-02-26 11:59:00.802780: - ', "('Channel: ', 0)")
('2016-02-26 11:59:00.833662: - ', "('---Layer: ', 0)")
('2016-02-26 11:59:00.836397: - ', "('-----Input shape: ', 100, ',', 100)")
('2016-02-26 11:59:01.360197: - ', "('-----Output shape: ', 48, ',', 48)")
('2016-02-26 11:59:01.362979: - ', "('---Layer: ', 1)")
('2016-02-26 11:59:01.365204: - ', "('-----Input shape: ', 48, ',', 48)")
('2016-02-26 11:59:01.520649: - ', "('-----Output shape: ', 22, ',', 22)")
('2016-02-26 11:59:01.523429: - ', 'Hidden layer')
('2016-02-26 11:59:01.526208: - ', "('Hidden Layer: ', 0)")
('2016-02-26 11:59:01.528408: - ', "('Hidden Layer Type: ', 'Common')")
('2016-02-26 11:59:01.530643: - ', "('---Number Inputs: ', 4840)")
('2016-02-26 11:59:01.533272: - ', "('---Number Outputs: ', 1000)")
('2016-02-26 11:59:01.536142: - ', "('---Use Dropout: ', True)")
('2016-02-26 11:59:01.707459: - ', 'Output Layer')
('2016-02-26 11:59:01.867291: - ', "('Inputs: ', 1000)")
('2016-02-26 11:59:01.870187: - ', "('Outputs: ', 5)")
